47.78,22.57,70.42,15.51,1.48,61.30,21.24
-10.94,-10.49,8.34,60.37,29.79,-17.88,-22.58
6.33,-13.42,-9.98,48.88,4.02,4.79,38.14
34.21,-23.79,53.08,14.55,11.36,24.24,58.65
46.56,65.37,67.45,9.33,2.90,40.95,30.58
-7.48,58.32,0.15,18.83,59.24,1.05,41.31
67.08,15.70,-19.73,66.06,26.03,72.72,40.31
7.83,11.19,37.11,47.70,-19.04,16.15,-20.26
-14.47,60.52,-3.52,12.08,23.60,8.07,14.74
-14.25,39.19,71.19,-23.41,35.98,29.33,-6.11
54.85,43.48,12.37,66.76,10.23,42.98,7.05
-3.83,11.74,57.93,-11.95,52.94,28.50,58.34
19.95,7.71,15.56,21.22,20.79,4.22,68.10
60.82,-17.36,-19.20,-12.80,59.32,25.03,58.35
11.89,5.96,22.15,56.90,-5.91,20.79,43.97
27.99,52.87,56.68,64.17,38.50,21.28,40.40
45.85,26.66,62.61,37.22,-15.43,-0.16,-15.35
64.03,53.87,35.49,61.12,20.75,-19.11,14.64
9.57,-10.14,28.01,10.68,50.68,11.36,15.97
12.41,-21.00,28.18,25.40,59.92,39.05,40.33
35.43,-7.90,5.27,45.45,25.65,-11.08,65.72
20.00,40.82,61.04,-15.14,42.57,29.45,63.47
72.25,21.88,67.93,25.29,-12.89,43.82,10.63
22.95,51.48,-12.86,2.68,20.14,51.86,68.09
53.17,-23.98,55.06,46.85,-3.42,22.55,-1.97
25.64,-1.18,10.24,13.97,63.02,39.25,-8.96
41.97,-5.36,24.52,58.21,45.71,-11.99,48.79
60.83,65.45,28.98,62.63,34.46,10.71,39.44
-20.24,70.21,1.06,59.87,58.05,45.03,-2.71
6.78,72.52,9.96,0.78,35.04,5.22,-16.71
1.21,23.12,2.43,27.33,16.49,-23.40,40.83
-24.00,23.02,68.58,61.32,-14.60,48.65,66.64
7.38,-14.75,-2.17,34.80,63.29,-16.56,-13.00
47.89,22.97,21.23,-2.96,-10.36,43.29,3.18
7.82,-11.38,50.61,12.09,39.24,34.12,-16.19
35.78,25.50,36.33,6.09,29.21,44.07,-0.86
47.44,-20.67,14.80,-19.73,36.72,-23.85,26.97
55.87,72.65,69.42,4.49,-10.24,37.79,18.52
64.26,42.14,29.92,12.71,49.45,37.02,61.85
65.56,17.82,41.36,16.94,41.33,41.06,-13.17
54.79,61.46,17.38,43.12,7.52,71.55,-15.52
-14.76,23.25,64.19,17.27,9.83,73.11,47.78
63.57,54.67,-11.38,43.18,45.51,-24.08,35.34
43.21,-22.52,-15.88,69.06,-5.32,45.73,8.77
56.56,39.46,41.98,-19.29,22.57,66.87,60.93
0.20,55.91,20.45,48.69,42.57,20.52,50.66
-19.11,-21.51,-19.24,43.81,25.06,-15.72,8.65
35.87,33.13,29.19,13.94,65.76,-2.91,11.34
58.92,49.05,36.42,10.06,-13.94,6.01,42.92
2.04,37.78,45.57,-5.92,50.31,11.20,37.44
58.42,31.92,35.29,14.13,35.84,72.64,0.46
20.66,2.99,45.42,-4.93,71.93,9.18,8.98
-19.78,-5.12,63.56,14.99,50.48,-9.26,15.32
28.52,13.11,55.23,22.32,50.02,58.86,53.91
61.72,24.75,15.89,64.43,39.00,33.69,-21.57
-21.45,29.91,17.89,20.58,11.36,-16.07,59.30
52.74,-5.12,38.99,-19.73,22.92,73.32,66.67
65.79,8.96,8.00,40.83,16.40,-16.56,67.48
51.96,66.10,41.24,41.37,54.42,69.76,38.89
16.75,-19.54,59.86,16.97,6.49,-16.87,53.41
32.34,47.03,64.90,72.71,71.02,-17.43,57.04
-21.11,33.41,35.67,65.98,1.58,66.83,47.10
44.40,-3.56,30.97,24.99,35.26,-7.28,-14.30
-17.42,-3.50,-17.03,-9.91,16.76,-21.12,0.42
-23.91,36.80,-3.10,-23.02,72.00,-18.59,51.46
-2.68,1.31,23.64,-16.69,-3.75,58.87,-9.69
70.13,61.55,-11.10,57.77,12.97,12.42,37.29
56.75,17.11,17.11,26.49,14.45,12.54,-8.07
38.62,9.60,-7.46,60.08,33.87,56.90,15.89
-22.13,-0.01,4.22,-24.11,46.37,59.07,12.97
72.43,19.81,48.92,25.16,-15.66,70.54,24.61
17.18,19.87,-16.82,-13.90,33.53,37.78,-1.86
32.70,55.84,-11.77,-12.76,31.28,5.94,11.53
51.05,34.66,-20.34,41.43,64.17,42.97,36.29
-16.82,-10.76,7.41,47.62,-24.41,8.59,-15.61
25.04,2.38,15.25,72.58,71.09,-23.34,19.71
46.51,-2.36,36.36,7.35,0.96,19.99,22.00
42.60,-4.73,8.84,-9.29,36.18,27.20,54.82
39.04,39.36,49.56,66.02,42.02,10.99,36.54
46.30,69.92,3.27,36.48,-19.36,14.65,18.71
3.84,15.00,27.38,25.84,35.22,38.46,45.20
71.74,-11.28,3.50,41.37,66.65,-10.65,61.76
37.60,3.70,69.01,0.59,1.42,16.70,12.11
-5.22,60.64,46.19,-9.39,3.08,-10.89,10.05
30.84,68.83,48.48,14.42,34.74,71.13,68.78
4.54,28.00,-17.40,51.44,-22.96,51.66,0.73
18.09,-9.12,-7.93,-21.60,34.57,60.89,24.64
6.19,61.69,-23.62,49.91,18.96,18.07,49.15
53.35,43.40,70.02,7.20,56.01,50.17,-3.84
57.71,63.62,-0.54,-21.74,44.14,27.02,63.22
15.10,-19.63,24.71,13.49,39.76,1.40,65.47
46.71,19.17,-3.96,67.13,21.94,23.34,38.47
64.47,-18.36,37.35,36.08,42.05,-12.92,64.09
70.22,-24.40,23.57,47.07,38.78,69.97,52.34
7.19,61.35,-8.73,45.33,21.54,5.00,-23.36
43.98,15.99,-21.78,49.65,-21.45,4.09,18.58
54.04,42.98,48.14,-17.76,44.00,46.61,-14.89
42.89,63.90,26.51,31.60,35.61,57.45,10.05
3.41,34.54,71.59,39.27,24.88,-14.47,30.86
21.25,-7.76,-17.00,-20.91,19.83,68.98,63.25
